110 255 255 255 255
1650 1600
1550 1600
1500 1590
1380 1590
1310 1580
1240 1570
1160 1560
1150 1510
1170 1510
1160 1350
1100 1320
1040 1280
980 1240
940 1190
910 1100
870 980
840 920
660 880
370 790
310 760
330 810
310 880
250 780
170 1040
10 1100
0 1050
20 1070
130 1030
100 980
150 730
100 680
100 600
140 570
130 550
40 430
60 350
140 440
90 140
160 140
250 580
290 590
460 620
460 530
510 530
550 640
890 690
990 600
1040 560
1080 540
1100 450
1190 460
1290 480
1290 330
1210 310
970 230
710 140
560 80
410 30
400 0
460 0
760 100
1100 200
1300 250
1330 280
1360 270
1430 280
2180 400
2230 430
2220 450
2040 430
1740 390
1540 360
1390 360
1380 420
1380 500
1460 520
1490 610
1550 640
1590 680
1620 730
1610 770
1640 790
1670 790
1710 860
1790 1040
1810 1090
1880 1180
1880 1280
1840 1350
1780 1390
1690 1390
1580 1400
1580 1530
1650 1540
1660 1510
1680 1540
1650 1600
1540 1600
1540 1390
1440 1380
1250 1380
1210 1390
1210 1510
1210 1560
1160 1550
1160 1560
1370 1590
1500 1590
1570 1600
1650 1600
