0 1
140 320 23.0gracz_mikolaj.txt
2
dwa.txt
palma.txt
7
1 1 1 1 1 0 0 -1.0 -1.0 0 0 3 50.0 780.0 1860.0 20.0 255 255 255 255 0 0 null 
7 1 1 1 1 0 0 -1.0 -1.0 0 0 3 340.0 340.0 190.0 30.0 255 204 0 255 0 0 null 
14 1 1 1 1 0 0 -1.0 -1.0 0 0 3 780.0 340.0 110.0 30.0 255 204 0 255 0 0 null 
19 1 1 1 1 1 0 -1.0 -1.0 0 0 1 810.0 300.0 60.0 40.0 255 255 255 255 0 1 dwa.txt 
0 1 1 1 1 0 0 870.0 0.0 1 0 3 120.0 370.0 90.0 30.0 102 0 255 255 0 0 null 
35 1 1 1 1 0 0 -1.0 -1.0 0 0 3 1140.0 480.0 90.0 40.0 255 204 0 255 0 0 null 
42 1 1 1 1 1 0 -1.0 -1.0 0 0 1 1190.0 380.0 60.0 100.0 255 255 255 255 0 1 palma.txt 
35
0 180.0 340.0 0 3 1 
0 180.0 320.0 0 4 1 
0 200.0 340.0 0 5 1 
0 200.0 320.0 0 6 1 
6 370.0 320.0 3 8 3 
0 430.0 290.0 0 13 1 
0 450.0 290.0 0 12 1 
0 450.0 310.0 0 11 1 
0 430.0 310.0 0 10 1 
6 480.0 320.0 3 9 3 
6 900.0 350.0 3 15 3 
6 930.0 350.0 3 16 3 
6 960.0 350.0 3 17 3 
6 990.0 350.0 3 18 3 
1 780.0 310.0 0 21 1 
0 780.0 290.0 0 20 1 
0 290.0 340.0 0 22 1 
0 550.0 340.0 0 24 1 
0 590.0 340.0 0 29 1 
0 630.0 340.0 0 25 1 
0 670.0 340.0 0 26 1 
0 710.0 340.0 0 27 1 
0 750.0 340.0 0 28 1 
0 250.0 340.0 0 23 1 
8 1110.0 360.0 0 31 1 
8 1110.0 330.0 0 30 1 
8 1110.0 390.0 0 32 1 
8 1110.0 420.0 0 33 1 
8 1110.0 450.0 0 34 1 
0 1150.0 450.0 0 36 1 
0 1030.0 340.0 0 37 1 
0 1070.0 340.0 0 38 1 
0 1150.0 430.0 0 39 1 
0 1170.0 450.0 0 40 1 
0 1170.0 430.0 0 41 1 
2
1160.0 420.0 50.0 60.0 NEXT_LEVEL 
130.0 310.0 50.0 60.0 SHOW_MESSAGE Gra Poziom%3!
