0 1
870 490 23.0gracz_mikolaj.txt
2
palma.txt
dwa.txt
18
1 1 1 1 1 0 0 -1.0 -1.0 0 0 3 420.0 550.0 80.0 30.0 255 204 0 255 0 0 null 
2 1 1 1 1 1 0 -1.0 -1.0 0 0 1 420.0 460.0 50.0 90.0 255 255 255 255 1 1 palma.txt 
10 1 1 1 1 0 0 -1.0 -1.0 0 0 3 140.0 860.0 990.0 20.0 255 255 255 255 0 0 null 
18 1 1 1 1 0 0 -1.0 -1.0 0 0 3 800.0 550.0 90.0 30.0 255 255 255 255 0 0 null 
38 1 1 1 1 0 0 -1.0 -1.0 0 0 3 380.0 270.0 260.0 30.0 51 51 255 255 0 0 null 
48 1 1 1 1 0 0 -1.0 -1.0 0 0 3 780.0 270.0 130.0 30.0 51 51 255 255 0 0 null 
25 1 1 1 1 0 0 -1.0 -1.0 0 0 3 830.0 400.0 140.0 30.0 51 51 255 255 0 0 null 
49 1 1 1 1 1 0 -1.0 -1.0 0 0 1 800.0 230.0 60.0 40.0 255 255 255 255 0 1 dwa.txt 
0 1 0 1 1 5 0 -1.0 -1.0 0 0 3 350.0 400.0 150.0 30.0 255 255 255 255 0 0 null 
3 0 1 1 0 5 0 -1.0 -1.0 0 0 3 500.0 400.0 40.0 30.0 255 255 255 255 0 0 null 
5 1 1 0 1 5 0 -1.0 -1.0 0 0 3 500.0 380.0 40.0 20.0 255 255 255 255 0 0 null 
69 0 0 1 0 5 0 -1.0 -1.0 0 0 3 500.0 40.0 160.0 60.0 255 0 153 255 0 0 null 
70 0 1 1 1 5 0 -1.0 -1.0 0 0 3 660.0 100.0 200.0 60.0 255 0 153 255 0 0 null 
71 0 1 1 0 5 0 -1.0 -1.0 0 0 3 860.0 40.0 200.0 60.0 255 0 153 255 0 0 null 
72 0 0 1 1 5 0 -1.0 -1.0 0 0 3 110.0 40.0 200.0 60.0 255 0 153 255 0 0 null 
68 0 1 1 1 5 0 -1.0 -1.0 0 0 3 310.0 100.0 190.0 60.0 255 0 153 255 0 0 null 
13 1 1 1 1 0 0 -1.0 -1.0 0 0 3 570.0 550.0 50.0 30.0 255 255 255 255 0 0 null 
11 1 1 1 1 5 0 -1.0 -1.0 0 0 1 510.0 330.0 30.0 50.0 0 153 255 255 0 0 null 
78
7 350.0 370.0 0 6 1 
7 350.0 340.0 0 7 1 
7 350.0 310.0 0 8 1 
7 350.0 280.0 0 9 1 
0 430.0 370.0 0 14 1 
0 410.0 370.0 0 15 1 
0 430.0 350.0 0 16 1 
0 410.0 350.0 0 17 1 
7 800.0 520.0 0 19 1 
7 800.0 490.0 0 20 1 
7 800.0 460.0 0 21 1 
7 800.0 430.0 0 22 1 
1 470.0 370.0 0 24 1 
7 800.0 400.0 0 26 1 
1 840.0 370.0 0 27 1 
4 910.0 390.0 3 32 3 
0 530.0 530.0 0 34 1 
0 530.0 510.0 0 35 1 
0 510.0 530.0 0 36 1 
0 510.0 510.0 0 37 1 
7 940.0 370.0 0 39 1 
7 940.0 340.0 0 40 1 
7 940.0 310.0 0 41 1 
7 940.0 280.0 0 42 1 
7 940.0 250.0 0 43 1 
1 540.0 240.0 0 55 1 
0 570.0 240.0 0 56 1 
0 570.0 220.0 0 58 1 
0 590.0 220.0 0 59 1 
0 880.0 220.0 0 52 1 
0 900.0 220.0 0 54 1 
0 900.0 240.0 0 53 1 
0 880.0 240.0 0 51 1 
0 590.0 240.0 0 57 1 
6 740.0 280.0 3 47 3 
6 710.0 280.0 3 46 3 
6 680.0 280.0 3 45 3 
6 650.0 280.0 3 44 3 
6 840.0 300.0 4 50 3 
0 890.0 350.0 0 31 1 
0 890.0 370.0 0 28 1 
0 870.0 370.0 0 29 1 
0 870.0 350.0 0 30 1 
4 490.0 260.0 3 61 3 
4 400.0 260.0 3 62 3 
0 470.0 240.0 0 63 1 
0 450.0 240.0 0 64 1 
0 470.0 220.0 0 65 1 
0 450.0 220.0 0 66 1 
1 430.0 240.0 0 67 1 
8 680.0 160.0 0 74 1 
8 800.0 160.0 0 73 1 
4 730.0 160.0 4 75 3 
6 900.0 100.0 4 76 3 
6 960.0 100.0 4 77 3 
6 610.0 100.0 4 78 3 
8 550.0 100.0 0 79 1 
8 550.0 130.0 0 80 1 
8 450.0 160.0 0 81 1 
8 360.0 160.0 0 82 1 
4 410.0 160.0 4 83 3 
6 290.0 130.0 2 84 3 
4 240.0 100.0 4 85 3 
0 830.0 500.0 0 87 1 
0 850.0 500.0 0 88 1 
0 830.0 520.0 0 89 1 
0 850.0 520.0 0 90 1 
6 540.0 410.0 3 33 3 
6 570.0 410.0 3 91 3 
8 600.0 380.0 0 92 1 
8 600.0 410.0 0 93 1 
8 600.0 440.0 0 94 1 
8 600.0 470.0 0 95 1 
0 570.0 530.0 0 96 1 
0 570.0 510.0 0 97 1 
0 590.0 530.0 0 98 1 
1 590.0 510.0 0 99 1 
6 520.0 560.0 3 100 3 
2
450.0 490.0 40.0 60.0 NEXT_LEVEL 
840.0 510.0 50.0 40.0 SELECT_PLATFORM 1 LOOK_AT SELECT_PLATFORM 5  LOOK_AT  SHOW_MESSAGE Gra Poziom%4! 
