0 1
350 300 23.0gracz_mikolaj.txt
2
palma.txt
dwa.txt
12
0 1 1 1 1 0 0 -1.0 -1.0 0 0 3 70.0 810.0 1550.0 20.0 255 255 255 255 0 0 null 
1 1 1 1 1 0 0 -1.0 -1.0 0 0 3 1450.0 510.0 100.0 30.0 255 204 0 255 0 0 null 
4 1 1 1 1 0 0 -1.0 -1.0 0 0 3 340.0 360.0 120.0 40.0 102 51 255 255 0 0 null 
23 1 1 1 1 0 0 -1.0 -1.0 0 0 3 730.0 190.0 100.0 20.0 255 255 255 255 0 0 null 
26 1 1 1 1 1 0 -1.0 -1.0 0 0 1 740.0 140.0 50.0 40.0 255 255 255 255 0 1 dwa.txt 
15 1 1 1 1 0 0 -1.0 -1.0 0 0 3 510.0 250.0 80.0 30.0 102 51 255 255 0 0 null 
24 1 1 1 1 0 0 -1.0 -1.0 0 0 3 620.0 250.0 70.0 30.0 255 51 153 255 0 0 null 
63 1 1 1 1 0 0 -1.0 -1.0 0 0 3 870.0 510.0 70.0 30.0 255 255 255 255 0 0 null 
83 0 0 1 1 5 0 -1.0 -1.0 0 0 3 950.0 350.0 100.0 60.0 255 51 153 255 0 0 null 
84 0 1 1 1 5 0 -1.0 -1.0 0 0 3 1050.0 410.0 130.0 50.0 255 51 153 255 0 0 null 
85 0 1 1 0 5 0 -1.0 -1.0 0 0 3 1180.0 350.0 200.0 60.0 255 51 153 255 0 0 null 
2 1 1 1 1 1 0 -1.0 -1.0 0 0 1 1500.0 410.0 60.0 100.0 255 255 255 255 1 1 palma.txt 
58
0 440.0 330.0 0 7 1 
0 420.0 330.0 0 8 1 
0 440.0 310.0 0 9 1 
0 420.0 310.0 0 10 1 
7 470.0 340.0 0 11 1 
7 470.0 310.0 0 6 1 
7 470.0 280.0 0 12 1 
7 470.0 370.0 0 13 1 
7 470.0 250.0 0 14 1 
0 520.0 220.0 0 16 1 
0 520.0 200.0 0 17 1 
0 540.0 220.0 0 18 1 
0 540.0 200.0 0 19 1 
9 580.0 210.0 2 21 1 
10 820.0 95.0 2 22 1 
6 820.0 190.0 1 31 3 
0 810.0 160.0 0 34 1 
0 830.0 160.0 0 33 1 
0 820.0 140.0 0 35 1 
6 710.0 190.0 2 25 3 
6 750.0 390.0 3 36 3 
6 780.0 390.0 3 37 3 
6 810.0 390.0 3 38 3 
8 880.0 350.0 0 41 1 
8 880.0 380.0 0 42 1 
8 880.0 410.0 0 43 1 
8 880.0 440.0 0 44 1 
0 760.0 320.0 0 48 1 
6 840.0 390.0 3 39 3 
0 780.0 320.0 0 49 1 
0 760.0 340.0 0 51 1 
0 780.0 340.0 0 52 1 
1 810.0 330.0 0 50 1 
0 630.0 220.0 0 53 1 
0 630.0 200.0 0 55 1 
0 650.0 200.0 0 56 1 
0 650.0 220.0 0 54 1 
0 900.0 470.0 0 65 1 
0 880.0 470.0 0 66 1 
0 900.0 450.0 0 67 1 
4 1100.0 460.0 4 68 3 
6 1000.0 410.0 4 70 3 
0 1460.0 480.0 0 72 1 
0 1460.0 460.0 0 73 1 
0 1080.0 480.0 0 76 1 
0 1040.0 480.0 0 77 1 
1 1000.0 480.0 0 78 1 
1 1120.0 480.0 0 74 1 
0 1170.0 480.0 0 79 1 
0 1200.0 480.0 0 80 1 
6 1310.0 410.0 4 71 3 
4 1230.0 410.0 4 69 3 
0 1270.0 480.0 0 82 1 
0 1240.0 480.0 0 81 1 
0 1300.0 480.0 0 86 1 
0 1330.0 480.0 0 87 1 
0 1360.0 480.0 0 88 1 
0 1390.0 480.0 0 89 1 
4
660.0 120.0 60.0 40.0 SELECT_PLATFORM 24 SET_MOVING_DIR 0 1 0 100 0 
880.0 460.0 50.0 50.0 SELECT_PLATFORM 63 SET_MOVING_DIR 1 0 490 0 0 
1470.0 440.0 50.0 70.0 NEXT_LEVEL 
340.0 290.0 40.0 60.0 SELECT_PLATFORM 1  LOOK_AT  SHOW_MESSAGE Gra Poziom%1!
