0 1
670 500 23.0gracz_mikolaj.txt
1
palma.txt
11
0 1 1 1 1 0 0 -1.0 -1.0 0 0 3 230.0 370.0 100.0 40.0 255 204 0 255 0 0 null 
24 1 1 1 1 0 0 -1.0 -1.0 0 0 3 360.0 470.0 60.0 30.0 255 204 0 255 0 0 null 
25 1 1 1 1 0 0 -1.0 -1.0 0 0 3 50.0 750.0 920.0 20.0 255 153 0 255 0 0 null 
8 1 1 1 1 0 0 -1.0 -1.0 0 0 3 540.0 520.0 80.0 30.0 255 204 0 255 0 0 null 
61 1 1 1 1 5 0 -1.0 -1.0 0 0 1 540.0 470.0 40.0 50.0 153 0 255 255 0 0 null 
65 0 1 1 0 5 0 -1.0 -1.0 0 0 3 840.0 310.0 200.0 60.0 102 102 102 255 0 0 null 
64 0 0 1 1 5 0 -1.0 -1.0 0 0 3 80.0 80.0 360.0 150.0 102 102 102 255 0 0 null 
62 0 1 1 1 5 0 -1.0 -1.0 0 0 3 640.0 370.0 200.0 60.0 102 102 102 255 0 0 null 
63 0 0 1 1 5 0 -1.0 -1.0 0 0 3 440.0 230.0 200.0 140.0 102 102 102 255 0 0 null 
1 1 1 1 1 3 0 -1.0 -1.0 0 0 3 660.0 550.0 60.0 30.0 0 204 255 255 0 0 null 
3 1 1 1 1 1 0 -1.0 -1.0 0 0 1 230.0 240.0 50.0 130.0 255 255 255 255 1 1 palma.txt 
72
0 290.0 340.0 0 4 1 
0 310.0 340.0 0 5 1 
0 290.0 320.0 0 6 1 
0 310.0 320.0 0 7 1 
0 580.0 500.0 0 14 1 
0 600.0 500.0 0 15 1 
0 460.0 470.0 0 18 1 
7 340.0 360.0 0 10 1 
7 340.0 390.0 0 11 1 
7 340.0 420.0 0 12 1 
0 380.0 440.0 0 22 1 
6 940.0 720.0 3 26 1 
6 910.0 720.0 3 27 1 
6 880.0 720.0 3 28 1 
6 850.0 720.0 3 29 1 
6 820.0 720.0 3 30 1 
6 790.0 720.0 3 31 1 
6 760.0 720.0 3 32 1 
6 730.0 720.0 3 33 1 
6 700.0 720.0 3 34 1 
6 670.0 720.0 3 35 1 
6 640.0 720.0 3 36 1 
6 610.0 720.0 3 37 1 
6 580.0 720.0 3 38 1 
6 550.0 720.0 3 39 1 
6 520.0 720.0 3 40 1 
6 490.0 720.0 3 41 1 
6 460.0 720.0 3 42 1 
6 430.0 720.0 3 43 1 
6 400.0 720.0 3 44 1 
6 370.0 720.0 3 45 1 
6 340.0 720.0 3 46 1 
6 310.0 720.0 3 47 1 
6 280.0 720.0 3 48 1 
6 250.0 720.0 3 49 1 
6 220.0 720.0 3 50 1 
6 190.0 720.0 3 51 1 
6 160.0 720.0 3 52 1 
6 130.0 720.0 3 53 1 
6 100.0 720.0 3 54 1 
6 60.0 720.0 3 55 1 
0 580.0 480.0 0 19 1 
0 600.0 480.0 0 57 1 
6 500.0 550.0 3 59 3 
6 470.0 550.0 3 60 3 
0 460.0 450.0 0 16 1 
0 480.0 450.0 0 17 1 
0 480.0 470.0 0 21 1 
8 780.0 430.0 0 66 1 
8 780.0 460.0 0 67 1 
8 520.0 370.0 0 68 1 
8 520.0 400.0 0 69 1 
8 600.0 370.0 0 70 1 
8 690.0 430.0 0 71 1 
8 380.0 230.0 0 72 1 
8 380.0 260.0 0 73 1 
8 310.0 230.0 0 74 1 
8 880.0 370.0 0 75 1 
8 880.0 400.0 0 77 1 
6 460.0 370.0 4 78 3 
6 560.0 370.0 4 79 3 
4 730.0 430.0 4 80 3 
6 420.0 310.0 2 81 3 
9 730.0 620.0 3 82 1 
10 390.0 380.0 4 83 1 
0 400.0 440.0 0 84 1 
0 400.0 420.0 0 85 1 
0 380.0 420.0 0 86 1 
0 700.0 520.0 0 87 1 
0 720.0 520.0 0 88 1 
0 730.0 550.0 0 89 1 
0 730.0 580.0 0 90 1 
2
290.0 310.0 40.0 60.0 NEXT_LEVEL 
660.0 490.0 50.0 60.0 SELECT_PLATFORM 0 LOOK_AT  SHOW_MESSAGE Gra Poziom%6! 
