0 1
210 340 23.0gracz_mikolaj.txt
2
palma.txt
dwa.txt
11
9 1 1 1 1 3 0 -1.0 -1.0 0 0 3 10.0 820.0 940.0 20.0 0 204 255 255 0 0 null 
0 1 1 1 1 1 0 -1.0 -1.0 0 0 3 160.0 420.0 120.0 30.0 255 153 0 255 0 0 null 
4 1 1 1 1 0 0 -1.0 -1.0 0 0 3 160.0 530.0 210.0 20.0 255 255 255 255 0 0 null 
25 0 1 1 0 5 0 -1.0 -1.0 0 0 3 440.0 180.0 200.0 60.0 0 51 255 255 0 0 null 
24 0 1 1 1 5 0 -1.0 -1.0 0 0 3 240.0 240.0 200.0 30.0 0 51 255 255 0 0 null 
23 0 0 1 1 5 0 -1.0 -1.0 0 0 3 20.0 190.0 220.0 50.0 0 51 255 255 0 0 null 
48 0 1 1 0 5 0 -1.0 -1.0 0 0 3 640.0 120.0 200.0 60.0 0 51 255 255 0 0 null 
63 1 1 1 1 0 0 -1.0 -1.0 0 0 3 630.0 460.0 250.0 30.0 255 204 0 255 0 0 null 
68 1 1 1 1 1 0 -1.0 -1.0 0 0 1 800.0 370.0 60.0 80.0 255 204 0 255 1 1 palma.txt 
1 1 1 1 1 1 0 -1.0 -1.0 0 0 3 470.0 330.0 150.0 30.0 255 153 0 255 0 0 null 
6 1 1 1 1 5 0 -1.0 -1.0 0 0 1 220.0 470.0 80.0 50.0 0 204 255 255 0 1 dwa.txt 
53
9 160.0 370.0 1 3 1 
10 160.0 480.0 1 5 1 
0 190.0 480.0 0 7 1 
0 190.0 500.0 0 8 1 
6 280.0 420.0 1 11 3 
0 190.0 370.0 0 12 1 
0 190.0 390.0 0 14 1 
1 250.0 380.0 0 19 1 
7 440.0 330.0 0 20 1 
7 440.0 360.0 0 21 1 
7 440.0 390.0 0 22 1 
8 490.0 240.0 0 26 1 
8 560.0 240.0 0 27 1 
6 520.0 240.0 4 33 3 
8 410.0 270.0 0 32 1 
8 340.0 270.0 0 31 1 
8 340.0 300.0 0 28 1 
8 280.0 270.0 0 29 1 
6 210.0 240.0 4 34 3 
4 140.0 240.0 4 35 3 
4 380.0 270.0 4 37 3 
0 540.0 300.0 0 40 1 
0 520.0 280.0 0 41 1 
0 540.0 280.0 0 42 1 
1 370.0 400.0 0 16 1 
0 370.0 380.0 0 18 1 
0 350.0 380.0 0 17 1 
0 350.0 400.0 0 15 1 
4 250.0 410.0 3 13 3 
8 630.0 360.0 0 45 1 
8 630.0 390.0 0 46 1 
8 680.0 180.0 0 49 1 
8 680.0 210.0 0 50 1 
8 770.0 180.0 0 51 1 
8 770.0 210.0 0 52 1 
4 730.0 180.0 4 57 3 
0 640.0 300.0 0 53 1 
0 640.0 280.0 0 55 1 
0 660.0 280.0 0 56 1 
0 660.0 300.0 0 54 1 
6 700.0 270.0 2 59 3 
6 700.0 300.0 2 58 3 
0 520.0 300.0 0 39 1 
6 590.0 240.0 4 62 3 
2 660.0 420.0 0 43 1 
8 630.0 330.0 0 44 1 
0 720.0 400.0 0 65 1 
0 740.0 400.0 0 64 1 
0 720.0 420.0 0 66 1 
0 740.0 420.0 0 67 1 
1 760.0 420.0 0 69 1 
6 880.0 430.0 2 71 3 
6 880.0 400.0 2 72 3 
3
500.0 270.0 70.0 60.0 SELECT_PLATFORM 33 SET_STATE 1 SELECT_PLATFORM 62 SET_STATE 1 
760.0 390.0 70.0 60.0 NEXT_LEVEL 
190.0 370.0 70.0 40.0 SELECT_PLATFORM 71 LOOK_AT  SHOW_MESSAGE Gra Poziom%5!
