810 1440 23.0
0
22
1 1 1 1 1 1 0 -1.0 -1.0 0 0 3 450.0 1820.0 120.0 40.0 153 153 153 255 0 0 null 
26 1 1 1 1 1 0 -1.0 -1.0 0 0 3 510.0 2000.0 280.0 40.0 153 153 153 255 0 0 null 
33 1 1 1 1 1 0 -1.0 -1.0 0 0 3 150.0 1650.0 200.0 400.0 153 153 153 255 0 0 null 
27 1 1 1 1 1 0 -1.0 -1.0 0 0 3 630.0 1820.0 180.0 40.0 153 153 153 255 0 0 null 
13 1 1 1 1 1 0 -1.0 -1.0 0 0 3 570.0 1640.0 190.0 30.0 153 153 153 255 0 0 null 
72 1 1 1 1 1 0 -1.0 -1.0 0 0 3 310.0 1490.0 210.0 40.0 153 153 153 255 0 0 null 
87 1 1 1 1 1 0 -1.0 -1.0 0 0 3 70.0 1260.0 180.0 230.0 153 153 153 255 0 0 null 
30 1 1 1 1 1 0 -1.0 -1.0 0 0 3 850.0 1560.0 200.0 260.0 153 153 153 255 0 0 null 
112 1 1 1 1 1 0 -1.0 -1.0 0 0 3 950.0 1140.0 30.0 50.0 102 102 102 255 0 0 null 
104 1 1 1 1 1 0 -1.0 -1.0 0 0 3 980.0 950.0 90.0 30.0 102 102 102 255 0 0 null 
117 1 1 1 1 1 0 -1.0 -1.0 0 0 3 970.0 1220.0 260.0 270.0 102 102 102 255 0 0 null 
97 1 1 1 1 1 0 -1.0 -1.0 0 0 3 680.0 800.0 350.0 40.0 102 102 102 255 0 0 null 
126 1 1 1 1 1 0 -1.0 -1.0 0 0 3 700.0 620.0 140.0 30.0 102 102 102 255 0 0 null 
93 1 1 1 1 1 0 -1.0 -1.0 0 0 3 750.0 1010.0 70.0 40.0 153 153 153 255 0 0 null 
91 1 1 1 1 0 0 -1.0 -1.0 0 0 3 860.0 1490.0 80.0 40.0 102 102 102 255 0 0 null 
180 1 1 1 1 1 0 -1.0 -1.0 0 0 3 500.0 1340.0 240.0 50.0 102 102 102 255 0 0 null 
73 1 1 1 1 1 0 -1.0 -1.0 0 0 3 580.0 1490.0 270.0 40.0 153 153 153 255 0 0 null 
338 1 1 1 1 1 0 -1.0 -1.0 0 0 3 260.0 1120.0 480.0 80.0 153 153 153 255 0 0 null 
143 1 1 1 1 1 0 -1.0 -1.0 0 0 3 950.0 580.0 170.0 110.0 153 153 153 255 0 0 null 
353 1 1 1 1 1 0 -1.0 -1.0 0 0 3 890.0 470.0 280.0 40.0 153 153 153 255 0 0 null 
372 1 1 1 1 1 0 -1.0 -1.0 0 0 3 620.0 340.0 210.0 100.0 153 153 153 255 0 0 null 
375 1 1 1 1 1 0 -1.0 -1.0 0 0 3 470.0 520.0 130.0 490.0 153 153 153 255 0 0 null 
186
7 780.0 1760.0 0 182 1 
7 780.0 1730.0 0 183 1 
7 780.0 1700.0 0 184 1 
7 780.0 1670.0 0 185 1 
7 780.0 1640.0 0 186 1 
7 590.0 1820.0 0 187 1 
7 590.0 1850.0 0 188 1 
7 590.0 1880.0 0 189 1 
7 590.0 1910.0 0 190 1 
7 780.0 1790.0 0 191 1 
7 590.0 1970.0 0 193 1 
6 450.0 1790.0 1 194 1 
6 450.0 1760.0 1 195 1 
6 450.0 1730.0 1 196 1 
6 450.0 1700.0 1 197 1 
4 350.0 1790.0 1 198 3 
6 320.0 1620.0 3 199 1 
6 350.0 1660.0 1 200 3 
4 350.0 1740.0 1 201 3 
6 510.0 1970.0 1 202 1 
6 510.0 1940.0 1 203 1 
6 510.0 1910.0 1 204 1 
6 510.0 1880.0 1 205 1 
6 760.0 1970.0 2 206 1 
6 760.0 1940.0 2 207 1 
6 760.0 1910.0 2 208 1 
6 760.0 1880.0 2 209 1 
0 690.0 1980.0 0 210 1 
0 690.0 1960.0 0 211 1 
1 550.0 1980.0 0 212 1 
0 720.0 1800.0 0 213 1 
0 720.0 1780.0 0 214 1 
0 640.0 1780.0 0 215 1 
0 640.0 1800.0 0 216 1 
4 640.0 1990.0 3 217 1 
4 680.0 1810.0 3 218 1 
6 570.0 1670.0 4 219 3 
4 600.0 1670.0 4 220 3 
6 620.0 1670.0 4 221 3 
6 670.0 1670.0 4 223 3 
6 830.0 1790.0 2 224 3 
6 830.0 1760.0 2 225 3 
6 830.0 1730.0 2 226 3 
6 830.0 1650.0 2 227 3 
4 840.0 1700.0 2 228 3 
7 540.0 1640.0 0 229 1 
7 540.0 1610.0 0 230 1 
7 540.0 1580.0 0 231 1 
7 540.0 1550.0 0 232 1 
7 540.0 1520.0 0 233 1 
7 540.0 1490.0 0 234 1 
0 730.0 1620.0 0 235 1 
0 730.0 1600.0 0 236 1 
1 660.0 1620.0 0 237 1 
0 590.0 1620.0 0 238 1 
0 590.0 1600.0 0 239 1 
4 700.0 1630.0 3 240 1 
0 440.0 1470.0 0 241 1 
6 310.0 1460.0 1 242 1 
6 310.0 1430.0 1 243 1 
6 310.0 1400.0 1 244 1 
6 310.0 1370.0 1 245 1 
4 390.0 1480.0 3 246 1 
4 250.0 1280.0 1 247 3 
6 250.0 1320.0 1 248 3 
6 220.0 1230.0 3 249 1 
1 360.0 1470.0 0 250 1 
4 830.0 1530.0 4 251 3 
6 630.0 1530.0 4 252 3 
7 950.0 1020.0 0 253 1 
7 950.0 990.0 0 254 1 
7 950.0 960.0 0 255 1 
7 1040.0 880.0 0 256 1 
7 1040.0 910.0 0 257 1 
7 1040.0 850.0 0 258 1 
4 800.0 1000.0 3 259 1 
6 760.0 980.0 3 260 1 
7 950.0 1050.0 0 261 1 
7 950.0 1080.0 0 262 1 
0 1000.0 930.0 0 263 1 
0 1000.0 910.0 0 264 1 
6 950.0 1110.0 3 265 1 
1 1000.0 780.0 0 266 1 
7 1040.0 820.0 0 267 1 
7 1040.0 790.0 0 268 1 
7 950.0 930.0 0 269 1 
7 1040.0 760.0 0 270 1 
6 950.0 1340.0 2 271 3 
4 950.0 1280.0 2 272 3 
6 800.0 770.0 3 273 1 
0 920.0 780.0 0 274 1 
0 920.0 760.0 0 275 1 
0 900.0 780.0 0 276 1 
0 900.0 760.0 0 277 1 
7 850.0 770.0 0 278 1 
7 850.0 740.0 0 279 1 
7 850.0 710.0 0 280 1 
7 850.0 680.0 0 281 1 
7 850.0 650.0 0 282 1 
7 850.0 590.0 0 284 1 
6 700.0 590.0 1 285 1 
6 700.0 560.0 1 286 1 
6 700.0 530.0 1 287 1 
6 700.0 500.0 1 288 1 
1 750.0 600.0 0 289 1 
0 790.0 600.0 0 290 1 
0 810.0 600.0 0 291 1 
0 790.0 580.0 0 292 1 
0 810.0 580.0 0 293 1 
6 970.0 690.0 4 294 3 
6 930.0 580.0 2 295 3 
4 940.0 670.0 2 296 3 
4 740.0 790.0 3 297 1 
6 680.0 680.0 1 298 1 
6 680.0 710.0 1 299 1 
6 680.0 740.0 1 300 1 
6 680.0 770.0 1 301 1 
0 670.0 1960.0 0 302 1 
0 670.0 1980.0 0 303 1 
0 490.0 1800.0 0 305 1 
0 490.0 1780.0 0 306 1 
0 440.0 1450.0 0 307 1 
0 420.0 1470.0 0 308 1 
0 420.0 1450.0 0 309 1 
7 470.0 1460.0 0 310 1 
7 470.0 1430.0 0 311 1 
7 470.0 1400.0 0 312 1 
7 470.0 1370.0 0 313 1 
7 470.0 1340.0 0 314 1 
7 750.0 1340.0 0 315 1 
7 750.0 1370.0 0 316 1 
7 750.0 1400.0 0 317 1 
7 750.0 1430.0 0 318 1 
7 750.0 1460.0 0 319 1 
6 540.0 1390.0 4 320 3 
4 650.0 1390.0 4 321 3 
0 540.0 1320.0 0 322 1 
0 540.0 1300.0 0 323 1 
0 590.0 1320.0 0 324 1 
0 590.0 1300.0 0 325 1 
0 640.0 1300.0 0 326 1 
0 640.0 1320.0 0 327 1 
4 560.0 1330.0 3 328 3 
4 620.0 1330.0 3 329 3 
1 670.0 1320.0 0 330 1 
4 620.0 1480.0 3 331 1 
0 680.0 1470.0 0 332 1 
0 680.0 1450.0 0 333 1 
6 710.0 1460.0 3 334 1 
1 650.0 1470.0 0 335 1 
1 650.0 1440.0 0 336 1 
0 680.0 1430.0 0 337 1 
4 410.0 1200.0 4 339 3 
6 550.0 1200.0 4 340 3 
7 590.0 1940.0 0 192 1 
1 510.0 1800.0 0 304 1 
4 710.0 1200.0 4 344 3 
6 650.0 1200.0 4 342 3 
4 650.0 1670.0 4 222 3 
7 850.0 560.0 0 349 1 
7 850.0 530.0 0 350 1 
7 850.0 500.0 0 351 1 
7 1010.0 440.0 0 354 1 
7 1010.0 410.0 0 355 1 
7 1010.0 380.0 0 356 1 
7 1010.0 350.0 0 357 1 
7 1010.0 320.0 0 360 1 
6 1140.0 350.0 2 365 1 
6 1140.0 380.0 2 364 1 
6 1140.0 410.0 2 363 1 
6 1140.0 440.0 2 362 1 
4 930.0 460.0 0 366 1 
0 900.0 450.0 0 367 1 
0 900.0 430.0 0 368 1 
0 1080.0 450.0 0 369 1 
0 1080.0 430.0 0 370 1 
1 970.0 450.0 0 371 1 
6 800.0 440.0 4 373 3 
6 750.0 440.0 4 374 3 
7 850.0 470.0 0 352 1 
4 940.0 630.0 2 376 3 
7 850.0 620.0 0 283 1 
1 770.0 780.0 0 377 1 
1 770.0 760.0 0 378 1 
0 720.0 780.0 0 379 1 
0 720.0 760.0 0 380 1 
6
880.0 1420.0 40.0 70.0 ADD_WEATHER 1 SELECT_PLATFORM 91 SET_MOVING_DIR 0 -1 0 -390 0 SELECT_PLATFORM 73 SET_STATE 1 SELECT_PLATFORM 76 SET_STATE 1 SELECT_PLATFORM 67 SET_STATE 1 SELECT_PLATFORM 68 SET_STATE 1 SELECT_PLATFORM 30 SET_STATE 1 
560.0 1870.0 90.0 20.0 ADD_WEATHER 1 SELECT_PLATFORM 26 SET_STATE 1 SELECT_PLATFORM 103 SET_STATE 1
510.0 1700.0 40.0 120.0 SHOW_MESSAGE Ufolud Uff..%O%maly%wlos..
670.0 1920.0 40.0 80.0 SHOW_MESSAGE Cel Ucieknij%z%wulkanu%zanim%lawa%Cie%zabije!
640.0 1550.0 60.0 90.0 ADD_WEATHER 1 SELECT_PLATFORM 27 SET_STATE 1 SELECT_PLATFORM 1 SET_STATE 1 SELECT_PLATFORM 223 SET_STATE 1 SELECT_PLATFORM 220 SET_STATE 1 SELECT_PLATFORM 222 SET_STATE 1 SELECT_PLATFORM 220 SET_STATE 1 SELECT_PLATFORM 252 SET_STATE 1
850.0 1110.0 90.0 40.0 ADD_WEATHER 1  SELECT_PLATFORM 93  SET_STATE 1  SELECT_PLATFORM 112 SET_STATE 1
