0 1
270 440 23.0gracz_mikolaj.txt
1
palma.txt
6
4 1 1 1 1 5 0 -1.0 -1.0 0 0 1 330.0 340.0 60.0 150.0 0 204 255 255 0 0 null 
0 1 1 1 1 1 0 -1.0 -1.0 0 0 3 230.0 490.0 160.0 30.0 255 204 0 255 0 0 null 
6 1 1 1 1 1 0 -1.0 -1.0 0 0 3 660.0 370.0 110.0 30.0 255 204 0 255 0 0 null 
23 1 1 1 1 0 0 -1.0 -1.0 0 0 3 510.0 380.0 70.0 30.0 255 153 0 255 0 0 null 
16 1 1 1 1 1 0 -1.0 -1.0 0 0 1 700.0 270.0 60.0 80.0 255 255 255 255 1 1 palma.txt 
5 1 1 1 1 3 0 -1.0 -1.0 0 0 3 10.0 1070.0 1600.0 20.0 0 204 255 255 0 0 null 
22
6 400.0 530.0 3 1 3 
6 430.0 530.0 3 2 3 
6 460.0 530.0 3 3 3 
9 230.0 450.0 1 9 1 
10 430.0 270.0 4 10 1 
0 310.0 440.0 0 11 1 
0 310.0 460.0 0 12 1 
0 430.0 300.0 0 13 1 
0 430.0 320.0 0 14 1 
0 690.0 320.0 0 17 1 
0 690.0 340.0 0 18 1 
0 670.0 320.0 0 19 1 
0 670.0 340.0 0 20 1 
0 450.0 300.0 0 21 1 
0 450.0 320.0 0 22 1 
6 520.0 200.0 4 24 3 
0 560.0 340.0 0 26 1 
0 560.0 320.0 0 28 1 
0 540.0 320.0 0 27 1 
0 540.0 340.0 0 29 1 
1 515.0 339.0 0 31 1 
6 550.0 200.0 4 25 3 
4
260.0 440.0 40.0 50.0 SELECT_PLATFORM 6 LOOK_AT
450.0 600.0 260.0 170.0 SELECT_PLATFORM 23 DESTROY_OBJECT
560.0 310.0 20.0 70.0 SCRIPT_TYPE 1 SELECT_PLATFORM 23 SET_STATE 1
700.0 290.0 60.0 80.0 NEXT_LEVEL
