450 40 23.0
0
6
1 1 1 1 1 1 0 -1.0 -1.0 0 0 3 390.0 280.0 200.0 30.0 153 153 153 255 0 0 null 
11 1 1 1 1 1 0 -1.0 -1.0 0 0 3 630.0 140.0 180.0 30.0 153 153 153 255 0 0 null 
14 1 1 1 1 1 0 -1.0 -1.0 0 0 3 140.0 30.0 170.0 260.0 153 153 153 255 0 0 null 
0 1 1 1 1 1 0 -1.0 -1.0 0 0 3 290.0 390.0 410.0 40.0 102 102 102 255 0 0 null 
21 1 1 1 1 1 0 -1.0 -1.0 0 0 3 670.0 210.0 150.0 120.0 102 102 102 255 0 0 null 
19 1 1 1 1 0 0 -1.0 -1.0 0 0 3 520.0 20.0 160.0 40.0 102 102 102 255 0 0 null 
16
6 420.0 250.0 3 3 1 
7 600.0 270.0 0 2 1 
7 600.0 240.0 0 6 1 
7 600.0 210.0 0 7 1 
7 600.0 190.0 0 8 1 
7 600.0 160.0 0 9 1 
7 600.0 130.0 0 10 1 
4 530.0 270.0 0 13 1 
7 710.0 390.0 0 16 1 
7 710.0 420.0 0 17 1 
7 710.0 450.0 0 18 1 
1 560.0 260.0 0 20 1 
4 310.0 80.0 1 15 3 
6 450.0 250.0 3 5 1 
4 480.0 270.0 0 22 1 
6 310.0 130.0 1 4 3 
0
