460 1340 23.0
0
33
0 1 0 1 1 1 0 -1.0 -1.0 0 0 3 410.0 1420.0 330.0 30.0 153 153 153 103 0 0 null 
1 1 1 1 0 1 0 -1.0 -1.0 0 0 3 830.0 1420.0 140.0 30.0 153 153 153 103 0 0 null 
4 1 1 1 1 1 0 -1.0 -1.0 0 0 3 700.0 1610.0 520.0 30.0 153 153 153 103 0 0 null 
2 1 0 1 0 1 0 -1.0 -1.0 0 0 3 740.0 1420.0 90.0 30.0 153 153 153 103 0 0 null 
68 1 1 1 1 1 0 -1.0 -1.0 0 0 3 1180.0 1390.0 180.0 40.0 153 153 153 103 0 0 null 
84 1 1 1 1 1 0 -1.0 -1.0 0 0 3 930.0 1120.0 310.0 30.0 153 153 153 103 0 0 null 
136 1 1 1 1 1 0 -1.0 -1.0 0 0 3 560.0 1240.0 120.0 30.0 153 153 153 103 0 0 null 
154 1 1 1 1 1 0 -1.0 -1.0 0 0 3 1110.0 910.0 130.0 30.0 153 153 153 103 0 0 null 
30 1 0 1 1 1 0 -1.0 -1.0 0 0 3 1300.0 1520.0 430.0 290.0 153 153 153 103 0 0 null 
275 1 1 1 1 1 0 -1.0 -1.0 0 0 3 460.0 1550.0 200.0 220.0 153 153 153 103 0 0 null 
96 1 1 1 1 1 0 -1.0 -1.0 0 0 3 1020.0 1220.0 130.0 70.0 102 102 102 103 0 0 null 
114 1 1 1 1 1 0 -1.0 -1.0 0 0 3 630.0 770.0 160.0 40.0 51 0 255 103 0 0 null 
282 1 1 1 1 1 0 -1.0 -1.0 0 0 3 810.0 650.0 200.0 40.0 102 102 102 103 0 0 null 
450 1 1 1 1 1 0 -1.0 -1.0 0 0 3 1390.0 730.0 240.0 90.0 153 153 153 103 0 0 null 
622 1 1 1 1 1 0 -1.0 -1.0 0 0 3 420.0 660.0 90.0 130.0 153 153 153 103 0 0 null 
451 1 1 1 1 1 0 -1.0 -1.0 0 0 3 470.0 570.0 150.0 50.0 153 153 153 103 0 0 null 
113 1 1 1 1 1 0 -1.0 -1.0 0 0 3 650.0 480.0 130.0 60.0 153 153 153 103 0 0 null 
410 1 1 1 1 1 0 -1.0 -1.0 0 0 3 1480.0 1210.0 140.0 210.0 153 153 153 103 0 0 null 
626 1 1 1 1 1 0 -1.0 -1.0 0 0 3 1420.0 930.0 150.0 180.0 153 153 153 103 0 0 null 
820 1 1 1 1 1 0 -1.0 -1.0 0 0 3 670.0 890.0 150.0 50.0 102 102 102 103 0 0 null 
103 1 1 1 1 1 0 -1.0 -1.0 0 0 3 830.0 1110.0 60.0 30.0 153 153 153 103 0 0 null 
104 1 1 1 1 1 0 -1.0 -1.0 0 0 3 740.0 1110.0 60.0 30.0 153 153 153 103 0 0 null 
105 1 1 1 1 1 0 -1.0 -1.0 0 0 3 640.0 1110.0 60.0 30.0 153 153 153 103 0 0 null 
264 1 1 1 1 1 0 -1.0 -1.0 0 0 3 450.0 1110.0 150.0 30.0 102 102 102 103 0 0 null 
102 1 1 1 1 1 0 -1.0 -1.0 0 0 3 450.0 960.0 170.0 30.0 153 153 153 103 0 0 null 
837 1 1 1 1 1 0 -1.0 -1.0 0 0 3 100.0 680.0 220.0 280.0 153 153 153 103 0 0 null 
449 1 1 1 1 1 0 -1.0 -1.0 0 0 3 1140.0 480.0 310.0 160.0 153 153 153 103 0 0 null 
411 1 1 1 1 1 0 -1.0 -1.0 0 0 3 850.0 830.0 100.0 40.0 153 153 153 103 0 0 null 
265 1 1 1 1 1 0 -1.0 -1.0 0 0 3 750.0 1240.0 120.0 30.0 102 102 102 103 0 0 null 
1077 1 1 1 1 1 0 -1.0 -1.0 0 0 3 390.0 310.0 510.0 30.0 102 102 102 103 0 0 null 
1078 1 1 1 1 1 0 -1.0 -1.0 0 0 3 980.0 310.0 370.0 30.0 102 102 102 103 0 0 null 
1084 0 0 1 0 0 0 -1.0 -1.0 0 0 3 390.0 130.0 2100.0 10.0 0 153 153 103 0 0 null 
130 1 1 1 1 1 0 -1.0 -1.0 0 0 3 90.0 1190.0 280.0 280.0 153 153 153 103 0 0 null 
0
0
