0 1
150 420 23.0gracz_mikolaj.txt
0
18
4 1 1 1 1 3 0 -1.0 -1.0 0 0 3 20.0 890.0 1100.0 20.0 0 204 255 255 0 0 null 
0 0 0 1 1 5 0 -1.0 -1.0 0 0 3 220.0 280.0 200.0 60.0 51 51 255 255 0 0 null 
5 0 0 1 1 5 0 -1.0 -1.0 0 0 3 20.0 220.0 200.0 60.0 51 51 255 255 0 0 null 
6 1 1 1 1 0 0 -1.0 -1.0 0 0 3 140.0 470.0 70.0 20.0 255 153 0 255 0 0 null 
25 1 1 1 1 0 0 -1.0 -1.0 0 0 3 220.0 570.0 110.0 20.0 255 255 255 255 0 0 null 
32 1 1 1 1 0 0 -1.0 -1.0 0 0 3 280.0 420.0 50.0 60.0 153 153 153 255 0 0 null 
52 1 1 1 1 0 0 -1.0 -1.0 0 0 3 550.0 550.0 60.0 20.0 255 255 255 255 0 0 null 
3 0 0 1 1 5 0 -1.0 -1.0 0 0 3 740.0 340.0 200.0 60.0 51 51 255 255 0 0 null 
40 1 1 1 1 0 0 -1.0 -1.0 0 0 3 400.0 490.0 140.0 30.0 255 153 0 255 0 0 null 
2 0 0 1 0 5 0 -1.0 -1.0 0 0 3 540.0 280.0 200.0 60.0 51 51 255 255 0 0 null 
41 1 1 1 1 5 0 -1.0 -1.0 0 0 1 490.0 430.0 40.0 60.0 102 204 255 255 0 0 null 
69 1 1 1 1 0 0 -1.0 -1.0 0 0 3 780.0 520.0 160.0 30.0 255 153 0 255 0 0 null 
70 1 1 1 1 3 0 -1.0 -1.0 0 0 3 680.0 470.0 60.0 160.0 51 153 255 255 0 0 null 
86 1 1 1 1 1 0 -1.0 -1.0 0 0 3 370.0 210.0 120.0 30.0 51 102 255 255 0 0 null 
87 1 1 1 1 1 0 -1.0 -1.0 0 0 3 780.0 250.0 50.0 40.0 153 204 0 255 0 0 null 
94 1 1 1 1 0 0 -1.0 -1.0 0 0 3 580.0 240.0 80.0 30.0 204 0 153 255 0 0 null 
98 1 1 1 1 1 0 -1.0 -1.0 0 0 3 240.0 230.0 50.0 20.0 255 204 0 255 0 0 null 
1 0 1 1 1 5 0 -1.0 -1.0 0 0 3 420.0 340.0 120.0 60.0 51 51 255 255 0 0 null 
87
8 170.0 280.0 0 8 1 
8 170.0 310.0 0 9 1 
8 60.0 280.0 0 10 1 
8 60.0 310.0 0 11 1 
4 110.0 280.0 4 12 3 
8 250.0 340.0 0 13 1 
8 250.0 370.0 0 14 1 
8 340.0 340.0 0 15 1 
8 340.0 370.0 0 16 1 
0 200.0 440.0 0 18 1 
0 180.0 440.0 0 17 1 
0 200.0 420.0 0 19 1 
0 180.0 420.0 0 20 1 
4 290.0 340.0 4 21 3 
7 220.0 470.0 0 22 1 
7 220.0 500.0 0 23 1 
7 220.0 530.0 0 24 1 
6 310.0 540.0 2 26 3 
6 310.0 510.0 2 27 3 
0 260.0 540.0 0 28 1 
0 280.0 540.0 0 29 1 
1 260.0 520.0 0 30 1 
0 280.0 520.0 0 31 1 
6 260.0 450.0 2 33 3 
6 260.0 420.0 2 34 3 
6 330.0 450.0 1 35 3 
6 330.0 420.0 1 37 3 
9 130.0 420.0 1 38 1 
10 420.0 400.0 4 39 1 
0 460.0 460.0 0 42 1 
0 440.0 460.0 0 43 1 
0 460.0 440.0 0 44 1 
0 440.0 440.0 0 45 1 
4 470.0 400.0 4 46 3 
6 400.0 360.0 2 47 3 
6 550.0 520.0 3 53 1 
6 580.0 520.0 3 54 1 
8 580.0 340.0 0 55 1 
8 580.0 370.0 0 56 1 
8 670.0 340.0 0 57 1 
8 670.0 370.0 0 59 1 
4 630.0 340.0 4 60 3 
6 720.0 360.0 2 62 3 
9 630.0 570.0 3 67 1 
10 780.0 470.0 1 68 1 
8 630.0 540.0 0 71 1 
8 630.0 510.0 0 72 1 
8 630.0 480.0 0 73 1 
4 670.0 470.0 2 76 3 
4 670.0 520.0 2 77 3 
6 530.0 370.0 1 78 3 
6 740.0 490.0 1 79 3 
4 780.0 400.0 4 80 3 
0 820.0 490.0 0 81 1 
0 840.0 490.0 0 82 1 
0 840.0 470.0 0 83 1 
0 820.0 470.0 0 84 1 
1 870.0 490.0 0 85 1 
6 700.0 440.0 3 75 3 
0 470.0 180.0 0 88 1 
0 450.0 180.0 0 89 1 
0 470.0 160.0 0 90 1 
0 450.0 160.0 0 91 1 
4 400.0 200.0 3 92 3 
0 250.0 210.0 0 99 1 
0 270.0 210.0 0 100 1 
0 270.0 190.0 0 101 1 
0 250.0 190.0 0 102 1 
6 790.0 220.0 3 93 1 
6 300.0 230.0 3 107 3 
6 340.0 230.0 3 108 3 
6 500.0 240.0 3 109 3 
6 540.0 240.0 3 110 3 
6 210.0 190.0 1 111 3 
6 210.0 160.0 1 112 3 
1 420.0 180.0 0 113 1 
9 370.0 520.0 3 114 1 
10 240.0 170.0 1 115 1 
9 640.0 200.0 2 116 1 
10 860.0 400.0 4 117 1 
0 590.0 220.0 0 96 1 
0 590.0 200.0 0 97 1 
6 670.0 200.0 2 95 3 
0 610.0 200.0 0 118 1 
0 610.0 220.0 0 119 1 
0 380.0 180.0 0 120 1 
0 380.0 160.0 0 121 1 
0
